{"metadata":{"kernelspec":{"language":"python","display_name":"Python 3","name":"python3"},"language_info":{"name":"python","version":"3.10.12","mimetype":"text/x-python","codemirror_mode":{"name":"ipython","version":3},"pygments_lexer":"ipython3","nbconvert_exporter":"python","file_extension":".py"}},"nbformat_minor":4,"nbformat":4,"cells":[{"cell_type":"markdown","source":"# Prediction On Daily Data","metadata":{}},{"cell_type":"code","source":"import pandas as pd\nimport numpy as np\nimport requests\nfrom sklearn.preprocessing import MinMaxScaler\nfrom sklearn.metrics import mean_absolute_percentage_error\nfrom tensorflow.keras.models import Sequential\nfrom tensorflow.keras.layers import LSTM, Dense\nimport plotly.graph_objs as go\nimport datetime","metadata":{"execution":{"iopub.status.busy":"2023-10-12T05:39:50.375686Z","iopub.execute_input":"2023-10-12T05:39:50.376075Z","iopub.status.idle":"2023-10-12T05:39:50.381692Z","shell.execute_reply.started":"2023-10-12T05:39:50.376039Z","shell.execute_reply":"2023-10-12T05:39:50.380512Z"},"trusted":true},"execution_count":50,"outputs":[]},{"cell_type":"code","source":"# API Key and Fetch Data\nAPI_KEY = 'F6U8EWWSXP0JBP5O'\nSYMBOL = 'QQQ'\nTIME_SERIES_SIZE = 'full'\nURL = f\"https://www.alphavantage.co/query?function=TIME_SERIES_DAILY&symbol={SYMBOL}&outputsize={TIME_SERIES_SIZE}&apikey={API_KEY}\"\n","metadata":{"execution":{"iopub.status.busy":"2023-10-12T05:39:50.604654Z","iopub.execute_input":"2023-10-12T05:39:50.605007Z","iopub.status.idle":"2023-10-12T05:39:50.610305Z","shell.execute_reply.started":"2023-10-12T05:39:50.604980Z","shell.execute_reply":"2023-10-12T05:39:50.609252Z"},"trusted":true},"execution_count":51,"outputs":[]},{"cell_type":"code","source":"response = requests.get(URL)\ndata = response.json()['Time Series (Daily)']\n","metadata":{"execution":{"iopub.status.busy":"2023-10-12T05:39:50.887910Z","iopub.execute_input":"2023-10-12T05:39:50.888324Z","iopub.status.idle":"2023-10-12T05:39:53.090561Z","shell.execute_reply.started":"2023-10-12T05:39:50.888290Z","shell.execute_reply":"2023-10-12T05:39:53.089302Z"},"trusted":true},"execution_count":52,"outputs":[]},{"cell_type":"code","source":"df = pd.DataFrame.from_dict(data).T\n","metadata":{"execution":{"iopub.status.busy":"2023-10-12T05:39:53.092759Z","iopub.execute_input":"2023-10-12T05:39:53.093118Z","iopub.status.idle":"2023-10-12T05:39:53.262449Z","shell.execute_reply.started":"2023-10-12T05:39:53.093077Z","shell.execute_reply":"2023-10-12T05:39:53.261344Z"},"trusted":true},"execution_count":53,"outputs":[]},{"cell_type":"code","source":"df","metadata":{"execution":{"iopub.status.busy":"2023-10-12T05:39:53.263757Z","iopub.execute_input":"2023-10-12T05:39:53.264213Z","iopub.status.idle":"2023-10-12T05:39:53.277907Z","shell.execute_reply.started":"2023-10-12T05:39:53.264153Z","shell.execute_reply":"2023-10-12T05:39:53.276526Z"},"trusted":true},"execution_count":54,"outputs":[{"execution_count":54,"output_type":"execute_result","data":{"text/plain":"             1. open   2. high    3. low  4. close 5. volume\n2023-10-11  369.9400  371.4120  368.1900  371.2200  38215088\n2023-10-10  366.9000  371.2800  366.3900  368.5900  46968806\n2023-10-09  362.3000  367.1100  360.7800  366.5600  45304766\n2023-10-06  355.6500  365.9100  354.8500  364.7000  75049119\n2023-10-05  359.7400  360.1500  355.1400  358.6900  45897390\n...              ...       ...       ...       ...       ...\n1999-11-05  137.8000  138.4000  136.4000  136.4000   7567300\n1999-11-04  135.4000  135.6000  133.6000  135.0000  10024300\n1999-11-03  132.8000  134.3000  132.4000  133.5000   9376300\n1999-11-02  131.5000  133.1000  130.4000  130.9000   6417400\n1999-11-01  131.5000  133.1000  130.6000  130.8000   4840900\n\n[6025 rows x 5 columns]","text/html":"<div>\n<style scoped>\n    .dataframe tbody tr th:only-of-type {\n        vertical-align: middle;\n    }\n\n    .dataframe tbody tr th {\n        vertical-align: top;\n    }\n\n    .dataframe thead th {\n        text-align: right;\n    }\n</style>\n<table border=\"1\" class=\"dataframe\">\n  <thead>\n    <tr style=\"text-align: right;\">\n      <th></th>\n      <th>1. open</th>\n      <th>2. high</th>\n      <th>3. low</th>\n      <th>4. close</th>\n      <th>5. volume</th>\n    </tr>\n  </thead>\n  <tbody>\n    <tr>\n      <th>2023-10-11</th>\n      <td>369.9400</td>\n      <td>371.4120</td>\n      <td>368.1900</td>\n      <td>371.2200</td>\n      <td>38215088</td>\n    </tr>\n    <tr>\n      <th>2023-10-10</th>\n      <td>366.9000</td>\n      <td>371.2800</td>\n      <td>366.3900</td>\n      <td>368.5900</td>\n      <td>46968806</td>\n    </tr>\n    <tr>\n      <th>2023-10-09</th>\n      <td>362.3000</td>\n      <td>367.1100</td>\n      <td>360.7800</td>\n      <td>366.5600</td>\n      <td>45304766</td>\n    </tr>\n    <tr>\n      <th>2023-10-06</th>\n      <td>355.6500</td>\n      <td>365.9100</td>\n      <td>354.8500</td>\n      <td>364.7000</td>\n      <td>75049119</td>\n    </tr>\n    <tr>\n      <th>2023-10-05</th>\n      <td>359.7400</td>\n      <td>360.1500</td>\n      <td>355.1400</td>\n      <td>358.6900</td>\n      <td>45897390</td>\n    </tr>\n    <tr>\n      <th>...</th>\n      <td>...</td>\n      <td>...</td>\n      <td>...</td>\n      <td>...</td>\n      <td>...</td>\n    </tr>\n    <tr>\n      <th>1999-11-05</th>\n      <td>137.8000</td>\n      <td>138.4000</td>\n      <td>136.4000</td>\n      <td>136.4000</td>\n      <td>7567300</td>\n    </tr>\n    <tr>\n      <th>1999-11-04</th>\n      <td>135.4000</td>\n      <td>135.6000</td>\n      <td>133.6000</td>\n      <td>135.0000</td>\n      <td>10024300</td>\n    </tr>\n    <tr>\n      <th>1999-11-03</th>\n      <td>132.8000</td>\n      <td>134.3000</td>\n      <td>132.4000</td>\n      <td>133.5000</td>\n      <td>9376300</td>\n    </tr>\n    <tr>\n      <th>1999-11-02</th>\n      <td>131.5000</td>\n      <td>133.1000</td>\n      <td>130.4000</td>\n      <td>130.9000</td>\n      <td>6417400</td>\n    </tr>\n    <tr>\n      <th>1999-11-01</th>\n      <td>131.5000</td>\n      <td>133.1000</td>\n      <td>130.6000</td>\n      <td>130.8000</td>\n      <td>4840900</td>\n    </tr>\n  </tbody>\n</table>\n<p>6025 rows × 5 columns</p>\n</div>"},"metadata":{}}]},{"cell_type":"code","source":"df = df.iloc[::-1]  # Reverse the order\n","metadata":{"execution":{"iopub.status.busy":"2023-10-12T05:39:53.280537Z","iopub.execute_input":"2023-10-12T05:39:53.280900Z","iopub.status.idle":"2023-10-12T05:39:53.288323Z","shell.execute_reply.started":"2023-10-12T05:39:53.280870Z","shell.execute_reply":"2023-10-12T05:39:53.287228Z"},"trusted":true},"execution_count":55,"outputs":[]},{"cell_type":"code","source":"df","metadata":{"execution":{"iopub.status.busy":"2023-10-12T05:39:53.289906Z","iopub.execute_input":"2023-10-12T05:39:53.290281Z","iopub.status.idle":"2023-10-12T05:39:53.312750Z","shell.execute_reply.started":"2023-10-12T05:39:53.290239Z","shell.execute_reply":"2023-10-12T05:39:53.311175Z"},"trusted":true},"execution_count":56,"outputs":[{"execution_count":56,"output_type":"execute_result","data":{"text/plain":"             1. open   2. high    3. low  4. close 5. volume\n1999-11-01  131.5000  133.1000  130.6000  130.8000   4840900\n1999-11-02  131.5000  133.1000  130.4000  130.9000   6417400\n1999-11-03  132.8000  134.3000  132.4000  133.5000   9376300\n1999-11-04  135.4000  135.6000  133.6000  135.0000  10024300\n1999-11-05  137.8000  138.4000  136.4000  136.4000   7567300\n...              ...       ...       ...       ...       ...\n2023-10-05  359.7400  360.1500  355.1400  358.6900  45897390\n2023-10-06  355.6500  365.9100  354.8500  364.7000  75049119\n2023-10-09  362.3000  367.1100  360.7800  366.5600  45304766\n2023-10-10  366.9000  371.2800  366.3900  368.5900  46968806\n2023-10-11  369.9400  371.4120  368.1900  371.2200  38215088\n\n[6025 rows x 5 columns]","text/html":"<div>\n<style scoped>\n    .dataframe tbody tr th:only-of-type {\n        vertical-align: middle;\n    }\n\n    .dataframe tbody tr th {\n        vertical-align: top;\n    }\n\n    .dataframe thead th {\n        text-align: right;\n    }\n</style>\n<table border=\"1\" class=\"dataframe\">\n  <thead>\n    <tr style=\"text-align: right;\">\n      <th></th>\n      <th>1. open</th>\n      <th>2. high</th>\n      <th>3. low</th>\n      <th>4. close</th>\n      <th>5. volume</th>\n    </tr>\n  </thead>\n  <tbody>\n    <tr>\n      <th>1999-11-01</th>\n      <td>131.5000</td>\n      <td>133.1000</td>\n      <td>130.6000</td>\n      <td>130.8000</td>\n      <td>4840900</td>\n    </tr>\n    <tr>\n      <th>1999-11-02</th>\n      <td>131.5000</td>\n      <td>133.1000</td>\n      <td>130.4000</td>\n      <td>130.9000</td>\n      <td>6417400</td>\n    </tr>\n    <tr>\n      <th>1999-11-03</th>\n      <td>132.8000</td>\n      <td>134.3000</td>\n      <td>132.4000</td>\n      <td>133.5000</td>\n      <td>9376300</td>\n    </tr>\n    <tr>\n      <th>1999-11-04</th>\n      <td>135.4000</td>\n      <td>135.6000</td>\n      <td>133.6000</td>\n      <td>135.0000</td>\n      <td>10024300</td>\n    </tr>\n    <tr>\n      <th>1999-11-05</th>\n      <td>137.8000</td>\n      <td>138.4000</td>\n      <td>136.4000</td>\n      <td>136.4000</td>\n      <td>7567300</td>\n    </tr>\n    <tr>\n      <th>...</th>\n      <td>...</td>\n      <td>...</td>\n      <td>...</td>\n      <td>...</td>\n      <td>...</td>\n    </tr>\n    <tr>\n      <th>2023-10-05</th>\n      <td>359.7400</td>\n      <td>360.1500</td>\n      <td>355.1400</td>\n      <td>358.6900</td>\n      <td>45897390</td>\n    </tr>\n    <tr>\n      <th>2023-10-06</th>\n      <td>355.6500</td>\n      <td>365.9100</td>\n      <td>354.8500</td>\n      <td>364.7000</td>\n      <td>75049119</td>\n    </tr>\n    <tr>\n      <th>2023-10-09</th>\n      <td>362.3000</td>\n      <td>367.1100</td>\n      <td>360.7800</td>\n      <td>366.5600</td>\n      <td>45304766</td>\n    </tr>\n    <tr>\n      <th>2023-10-10</th>\n      <td>366.9000</td>\n      <td>371.2800</td>\n      <td>366.3900</td>\n      <td>368.5900</td>\n      <td>46968806</td>\n    </tr>\n    <tr>\n      <th>2023-10-11</th>\n      <td>369.9400</td>\n      <td>371.4120</td>\n      <td>368.1900</td>\n      <td>371.2200</td>\n      <td>38215088</td>\n    </tr>\n  </tbody>\n</table>\n<p>6025 rows × 5 columns</p>\n</div>"},"metadata":{}}]},{"cell_type":"code","source":"df = df.astype(float)","metadata":{"execution":{"iopub.status.busy":"2023-10-12T05:39:53.314737Z","iopub.execute_input":"2023-10-12T05:39:53.315122Z","iopub.status.idle":"2023-10-12T05:39:53.324952Z","shell.execute_reply.started":"2023-10-12T05:39:53.315095Z","shell.execute_reply":"2023-10-12T05:39:53.323726Z"},"trusted":true},"execution_count":57,"outputs":[]},{"cell_type":"code","source":"df","metadata":{"execution":{"iopub.status.busy":"2023-10-12T05:39:53.326582Z","iopub.execute_input":"2023-10-12T05:39:53.326924Z","iopub.status.idle":"2023-10-12T05:39:53.353528Z","shell.execute_reply.started":"2023-10-12T05:39:53.326894Z","shell.execute_reply":"2023-10-12T05:39:53.352274Z"},"trusted":true},"execution_count":58,"outputs":[{"execution_count":58,"output_type":"execute_result","data":{"text/plain":"            1. open  2. high  3. low  4. close   5. volume\n1999-11-01   131.50  133.100  130.60    130.80   4840900.0\n1999-11-02   131.50  133.100  130.40    130.90   6417400.0\n1999-11-03   132.80  134.300  132.40    133.50   9376300.0\n1999-11-04   135.40  135.600  133.60    135.00  10024300.0\n1999-11-05   137.80  138.400  136.40    136.40   7567300.0\n...             ...      ...     ...       ...         ...\n2023-10-05   359.74  360.150  355.14    358.69  45897390.0\n2023-10-06   355.65  365.910  354.85    364.70  75049119.0\n2023-10-09   362.30  367.110  360.78    366.56  45304766.0\n2023-10-10   366.90  371.280  366.39    368.59  46968806.0\n2023-10-11   369.94  371.412  368.19    371.22  38215088.0\n\n[6025 rows x 5 columns]","text/html":"<div>\n<style scoped>\n    .dataframe tbody tr th:only-of-type {\n        vertical-align: middle;\n    }\n\n    .dataframe tbody tr th {\n        vertical-align: top;\n    }\n\n    .dataframe thead th {\n        text-align: right;\n    }\n</style>\n<table border=\"1\" class=\"dataframe\">\n  <thead>\n    <tr style=\"text-align: right;\">\n      <th></th>\n      <th>1. open</th>\n      <th>2. high</th>\n      <th>3. low</th>\n      <th>4. close</th>\n      <th>5. volume</th>\n    </tr>\n  </thead>\n  <tbody>\n    <tr>\n      <th>1999-11-01</th>\n      <td>131.50</td>\n      <td>133.100</td>\n      <td>130.60</td>\n      <td>130.80</td>\n      <td>4840900.0</td>\n    </tr>\n    <tr>\n      <th>1999-11-02</th>\n      <td>131.50</td>\n      <td>133.100</td>\n      <td>130.40</td>\n      <td>130.90</td>\n      <td>6417400.0</td>\n    </tr>\n    <tr>\n      <th>1999-11-03</th>\n      <td>132.80</td>\n      <td>134.300</td>\n      <td>132.40</td>\n      <td>133.50</td>\n      <td>9376300.0</td>\n    </tr>\n    <tr>\n      <th>1999-11-04</th>\n      <td>135.40</td>\n      <td>135.600</td>\n      <td>133.60</td>\n      <td>135.00</td>\n      <td>10024300.0</td>\n    </tr>\n    <tr>\n      <th>1999-11-05</th>\n      <td>137.80</td>\n      <td>138.400</td>\n      <td>136.40</td>\n      <td>136.40</td>\n      <td>7567300.0</td>\n    </tr>\n    <tr>\n      <th>...</th>\n      <td>...</td>\n      <td>...</td>\n      <td>...</td>\n      <td>...</td>\n      <td>...</td>\n    </tr>\n    <tr>\n      <th>2023-10-05</th>\n      <td>359.74</td>\n      <td>360.150</td>\n      <td>355.14</td>\n      <td>358.69</td>\n      <td>45897390.0</td>\n    </tr>\n    <tr>\n      <th>2023-10-06</th>\n      <td>355.65</td>\n      <td>365.910</td>\n      <td>354.85</td>\n      <td>364.70</td>\n      <td>75049119.0</td>\n    </tr>\n    <tr>\n      <th>2023-10-09</th>\n      <td>362.30</td>\n      <td>367.110</td>\n      <td>360.78</td>\n      <td>366.56</td>\n      <td>45304766.0</td>\n    </tr>\n    <tr>\n      <th>2023-10-10</th>\n      <td>366.90</td>\n      <td>371.280</td>\n      <td>366.39</td>\n      <td>368.59</td>\n      <td>46968806.0</td>\n    </tr>\n    <tr>\n      <th>2023-10-11</th>\n      <td>369.94</td>\n      <td>371.412</td>\n      <td>368.19</td>\n      <td>371.22</td>\n      <td>38215088.0</td>\n    </tr>\n  </tbody>\n</table>\n<p>6025 rows × 5 columns</p>\n</div>"},"metadata":{}}]},{"cell_type":"code","source":"# Data Preprocessing\nscaler = MinMaxScaler(feature_range=(0,1))\nscaled_data = scaler.fit_transform(df['4. close'].values.reshape(-1, 1))","metadata":{"execution":{"iopub.status.busy":"2023-10-12T05:39:53.414572Z","iopub.execute_input":"2023-10-12T05:39:53.414922Z","iopub.status.idle":"2023-10-12T05:39:53.421686Z","shell.execute_reply.started":"2023-10-12T05:39:53.414895Z","shell.execute_reply":"2023-10-12T05:39:53.420480Z"},"trusted":true},"execution_count":59,"outputs":[]},{"cell_type":"code","source":"training_data_len = int(np.ceil(len(scaled_data) * 0.95))\ntrain_data = scaled_data[0:training_data_len, :]\nx_train, y_train = [], []","metadata":{"execution":{"iopub.status.busy":"2023-10-12T05:39:54.121337Z","iopub.execute_input":"2023-10-12T05:39:54.121718Z","iopub.status.idle":"2023-10-12T05:39:54.127381Z","shell.execute_reply.started":"2023-10-12T05:39:54.121685Z","shell.execute_reply":"2023-10-12T05:39:54.126100Z"},"trusted":true},"execution_count":60,"outputs":[]},{"cell_type":"code","source":"sequence_length = 60\nfor i in range(sequence_length, len(train_data)):\n    x_train.append(train_data[i-sequence_length:i, 0])\n    y_train.append(train_data[i, 0])","metadata":{"execution":{"iopub.status.busy":"2023-10-12T05:39:54.652261Z","iopub.execute_input":"2023-10-12T05:39:54.652600Z","iopub.status.idle":"2023-10-12T05:39:54.663219Z","shell.execute_reply.started":"2023-10-12T05:39:54.652575Z","shell.execute_reply":"2023-10-12T05:39:54.662035Z"},"trusted":true},"execution_count":61,"outputs":[]},{"cell_type":"code","source":"len(x_train)","metadata":{"execution":{"iopub.status.busy":"2023-10-12T05:39:55.136394Z","iopub.execute_input":"2023-10-12T05:39:55.136783Z","iopub.status.idle":"2023-10-12T05:39:55.145515Z","shell.execute_reply.started":"2023-10-12T05:39:55.136753Z","shell.execute_reply":"2023-10-12T05:39:55.144078Z"},"trusted":true},"execution_count":62,"outputs":[{"execution_count":62,"output_type":"execute_result","data":{"text/plain":"5664"},"metadata":{}}]},{"cell_type":"code","source":"len(y_train)","metadata":{"execution":{"iopub.status.busy":"2023-10-12T05:39:55.657703Z","iopub.execute_input":"2023-10-12T05:39:55.658072Z","iopub.status.idle":"2023-10-12T05:39:55.665382Z","shell.execute_reply.started":"2023-10-12T05:39:55.658036Z","shell.execute_reply":"2023-10-12T05:39:55.663904Z"},"trusted":true},"execution_count":63,"outputs":[{"execution_count":63,"output_type":"execute_result","data":{"text/plain":"5664"},"metadata":{}}]},{"cell_type":"code","source":"x_train, y_train = np.array(x_train), np.array(y_train)\nx_train = np.reshape(x_train, (x_train.shape[0], x_train.shape[1], 1))","metadata":{"execution":{"iopub.status.busy":"2023-10-12T05:39:56.002116Z","iopub.execute_input":"2023-10-12T05:39:56.002546Z","iopub.status.idle":"2023-10-12T05:39:56.015235Z","shell.execute_reply.started":"2023-10-12T05:39:56.002514Z","shell.execute_reply":"2023-10-12T05:39:56.014258Z"},"trusted":true},"execution_count":64,"outputs":[]},{"cell_type":"code","source":"# Model Definition and Training\nmodel = Sequential()\nmodel.add(LSTM(units=50, return_sequences=True, input_shape=(x_train.shape[1], 1)))\nmodel.add(LSTM(units=50, return_sequences=False))\nmodel.add(Dense(units=25))\nmodel.add(Dense(units=1))","metadata":{"execution":{"iopub.status.busy":"2023-10-12T05:39:56.400812Z","iopub.execute_input":"2023-10-12T05:39:56.401153Z","iopub.status.idle":"2023-10-12T05:39:56.980513Z","shell.execute_reply.started":"2023-10-12T05:39:56.401127Z","shell.execute_reply":"2023-10-12T05:39:56.979368Z"},"trusted":true},"execution_count":65,"outputs":[]},{"cell_type":"code","source":"model.compile(optimizer='adam', loss='mean_squared_error')\nmodel.fit(x_train, y_train, batch_size=16, epochs=5)","metadata":{"execution":{"iopub.status.busy":"2023-10-12T05:39:57.091154Z","iopub.execute_input":"2023-10-12T05:39:57.091530Z","iopub.status.idle":"2023-10-12T05:41:03.699160Z","shell.execute_reply.started":"2023-10-12T05:39:57.091502Z","shell.execute_reply":"2023-10-12T05:41:03.698184Z"},"trusted":true},"execution_count":66,"outputs":[{"name":"stdout","text":"Epoch 1/5\n354/354 [==============================] - 16s 36ms/step - loss: 0.0018\nEpoch 2/5\n354/354 [==============================] - 13s 35ms/step - loss: 2.8717e-04\nEpoch 3/5\n354/354 [==============================] - 13s 37ms/step - loss: 2.0359e-04\nEpoch 4/5\n354/354 [==============================] - 13s 36ms/step - loss: 2.1126e-04\nEpoch 5/5\n354/354 [==============================] - 12s 35ms/step - loss: 2.0846e-04\n","output_type":"stream"},{"execution_count":66,"output_type":"execute_result","data":{"text/plain":"<keras.callbacks.History at 0x789d4d20e2f0>"},"metadata":{}}]},{"cell_type":"code","source":"# Creating Testing Dataset and Predicting Prices\ntest_data = scaled_data[training_data_len - sequence_length:, :]\nx_test, y_test = [], scaled_data[training_data_len:, :]","metadata":{"execution":{"iopub.status.busy":"2023-10-12T05:41:03.702887Z","iopub.execute_input":"2023-10-12T05:41:03.703472Z","iopub.status.idle":"2023-10-12T05:41:03.708602Z","shell.execute_reply.started":"2023-10-12T05:41:03.703441Z","shell.execute_reply":"2023-10-12T05:41:03.707498Z"},"trusted":true},"execution_count":67,"outputs":[]},{"cell_type":"code","source":"for i in range(sequence_length, len(test_data)):\n    x_test.append(test_data[i-sequence_length:i, 0])\n\nx_test = np.array(x_test)\nx_test = np.reshape(x_test, (x_test.shape[0], x_test.shape[1], 1))\n","metadata":{"execution":{"iopub.status.busy":"2023-10-12T05:41:03.709904Z","iopub.execute_input":"2023-10-12T05:41:03.710251Z","iopub.status.idle":"2023-10-12T05:41:03.721321Z","shell.execute_reply.started":"2023-10-12T05:41:03.710164Z","shell.execute_reply":"2023-10-12T05:41:03.720544Z"},"trusted":true},"execution_count":68,"outputs":[]},{"cell_type":"code","source":"predictions = model.predict(x_test)\npredictions = scaler.inverse_transform(predictions)","metadata":{"execution":{"iopub.status.busy":"2023-10-12T05:41:03.723309Z","iopub.execute_input":"2023-10-12T05:41:03.723617Z","iopub.status.idle":"2023-10-12T05:41:04.679647Z","shell.execute_reply.started":"2023-10-12T05:41:03.723591Z","shell.execute_reply":"2023-10-12T05:41:04.678747Z"},"trusted":true},"execution_count":69,"outputs":[{"name":"stdout","text":"10/10 [==============================] - 1s 16ms/step\n","output_type":"stream"}]},{"cell_type":"code","source":"from sklearn.metrics import mean_absolute_percentage_error, mean_squared_error, mean_absolute_error","metadata":{"execution":{"iopub.status.busy":"2023-10-12T05:41:22.365635Z","iopub.execute_input":"2023-10-12T05:41:22.366079Z","iopub.status.idle":"2023-10-12T05:41:22.371566Z","shell.execute_reply.started":"2023-10-12T05:41:22.366043Z","shell.execute_reply":"2023-10-12T05:41:22.370291Z"},"trusted":true},"execution_count":71,"outputs":[]},{"cell_type":"code","source":"import math","metadata":{"execution":{"iopub.status.busy":"2023-10-12T05:41:35.003373Z","iopub.execute_input":"2023-10-12T05:41:35.003757Z","iopub.status.idle":"2023-10-12T05:41:35.008593Z","shell.execute_reply.started":"2023-10-12T05:41:35.003726Z","shell.execute_reply":"2023-10-12T05:41:35.007570Z"},"trusted":true},"execution_count":73,"outputs":[]},{"cell_type":"code","source":"# Calculating Metrics\nactual_prices = df['4. close'].iloc[training_data_len:].values\nmse = mean_squared_error(actual_prices, predictions)\nrmse = math.sqrt(mse)\nmae = mean_absolute_error(actual_prices, predictions)\nmape = mean_absolute_percentage_error(actual_prices, predictions)","metadata":{"execution":{"iopub.status.busy":"2023-10-12T05:41:35.791798Z","iopub.execute_input":"2023-10-12T05:41:35.792136Z","iopub.status.idle":"2023-10-12T05:41:35.799044Z","shell.execute_reply.started":"2023-10-12T05:41:35.792110Z","shell.execute_reply":"2023-10-12T05:41:35.798329Z"},"trusted":true},"execution_count":74,"outputs":[]},{"cell_type":"code","source":"print(f\"Mean Squared Error (MSE): {mse:.4f}\")\nprint(f\"Root Mean Squared Error (RMSE): {rmse:.4f}\")\nprint(f\"Mean Absolute Error (MAE): {mae:.4f}\")\nprint(f\"Mean Absolute Percentage Error (MAPE): {mape:.2f}%\")","metadata":{"execution":{"iopub.status.busy":"2023-10-12T05:41:38.042503Z","iopub.execute_input":"2023-10-12T05:41:38.042857Z","iopub.status.idle":"2023-10-12T05:41:38.048670Z","shell.execute_reply.started":"2023-10-12T05:41:38.042830Z","shell.execute_reply":"2023-10-12T05:41:38.047795Z"},"trusted":true},"execution_count":75,"outputs":[{"name":"stdout","text":"Mean Squared Error (MSE): 84.1327\nRoot Mean Squared Error (RMSE): 9.1724\nMean Absolute Error (MAE): 7.6342\nMean Absolute Percentage Error (MAPE): 0.02%\n","output_type":"stream"}]},{"cell_type":"code","source":"# Predicting into the Future (120 units)\nfuture_units = 120\ncurrent_input = x_test[-1].reshape((1, sequence_length, 1))  # Taking the last sequence of known output\nforecasted_output = []","metadata":{"execution":{"iopub.status.busy":"2023-10-12T05:41:47.341052Z","iopub.execute_input":"2023-10-12T05:41:47.341460Z","iopub.status.idle":"2023-10-12T05:41:47.347434Z","shell.execute_reply.started":"2023-10-12T05:41:47.341428Z","shell.execute_reply":"2023-10-12T05:41:47.346171Z"},"trusted":true},"execution_count":76,"outputs":[]},{"cell_type":"code","source":"for i in range(future_units):\n    # Predict the next future unit\n    next_output = model.predict(current_input)\n    forecasted_output.append(next_output[0])\n    \n    # Update the current_input with the predicted value\n    current_input = np.roll(current_input, -1)\n    current_input[0, -1, 0] = next_output","metadata":{"execution":{"iopub.status.busy":"2023-10-12T05:41:48.038518Z","iopub.execute_input":"2023-10-12T05:41:48.039237Z","iopub.status.idle":"2023-10-12T05:41:56.675575Z","shell.execute_reply.started":"2023-10-12T05:41:48.039158Z","shell.execute_reply":"2023-10-12T05:41:56.674444Z"},"trusted":true},"execution_count":77,"outputs":[{"name":"stdout","text":"1/1 [==============================] - 0s 28ms/step\n1/1 [==============================] - 0s 30ms/step\n1/1 [==============================] - 0s 29ms/step\n1/1 [==============================] - 0s 30ms/step\n1/1 [==============================] - 0s 28ms/step\n1/1 [==============================] - 0s 29ms/step\n1/1 [==============================] - 0s 29ms/step\n1/1 [==============================] - 0s 30ms/step\n1/1 [==============================] - 0s 28ms/step\n1/1 [==============================] - 0s 28ms/step\n1/1 [==============================] - 0s 28ms/step\n1/1 [==============================] - 0s 29ms/step\n1/1 [==============================] - 0s 28ms/step\n1/1 [==============================] - 0s 27ms/step\n1/1 [==============================] - 0s 28ms/step\n1/1 [==============================] - 0s 28ms/step\n1/1 [==============================] - 0s 29ms/step\n1/1 [==============================] - 0s 29ms/step\n1/1 [==============================] - 0s 27ms/step\n1/1 [==============================] - 0s 28ms/step\n1/1 [==============================] - 0s 28ms/step\n1/1 [==============================] - 0s 28ms/step\n1/1 [==============================] - 0s 27ms/step\n1/1 [==============================] - 0s 29ms/step\n1/1 [==============================] - 0s 28ms/step\n1/1 [==============================] - 0s 29ms/step\n1/1 [==============================] - 0s 30ms/step\n1/1 [==============================] - 0s 28ms/step\n1/1 [==============================] - 0s 28ms/step\n1/1 [==============================] - 0s 28ms/step\n1/1 [==============================] - 0s 28ms/step\n1/1 [==============================] - 0s 28ms/step\n1/1 [==============================] - 0s 27ms/step\n1/1 [==============================] - 0s 29ms/step\n1/1 [==============================] - 0s 29ms/step\n1/1 [==============================] - 0s 27ms/step\n1/1 [==============================] - 0s 28ms/step\n1/1 [==============================] - 0s 28ms/step\n1/1 [==============================] - 0s 31ms/step\n1/1 [==============================] - 0s 30ms/step\n1/1 [==============================] - 0s 29ms/step\n1/1 [==============================] - 0s 28ms/step\n1/1 [==============================] - 0s 30ms/step\n1/1 [==============================] - 0s 31ms/step\n1/1 [==============================] - 0s 30ms/step\n1/1 [==============================] - 0s 29ms/step\n1/1 [==============================] - 0s 29ms/step\n1/1 [==============================] - 0s 27ms/step\n1/1 [==============================] - 0s 28ms/step\n1/1 [==============================] - 0s 28ms/step\n1/1 [==============================] - 0s 28ms/step\n1/1 [==============================] - 0s 28ms/step\n1/1 [==============================] - 0s 31ms/step\n1/1 [==============================] - 0s 28ms/step\n1/1 [==============================] - 0s 27ms/step\n1/1 [==============================] - 0s 27ms/step\n1/1 [==============================] - 0s 27ms/step\n1/1 [==============================] - 0s 26ms/step\n1/1 [==============================] - 0s 27ms/step\n1/1 [==============================] - 0s 26ms/step\n1/1 [==============================] - 0s 27ms/step\n1/1 [==============================] - 0s 30ms/step\n1/1 [==============================] - 0s 28ms/step\n1/1 [==============================] - 0s 28ms/step\n1/1 [==============================] - 0s 28ms/step\n1/1 [==============================] - 0s 27ms/step\n1/1 [==============================] - 0s 27ms/step\n1/1 [==============================] - 0s 28ms/step\n1/1 [==============================] - 0s 29ms/step\n1/1 [==============================] - 0s 27ms/step\n1/1 [==============================] - 0s 29ms/step\n1/1 [==============================] - 0s 27ms/step\n1/1 [==============================] - 0s 28ms/step\n1/1 [==============================] - 0s 26ms/step\n1/1 [==============================] - 0s 27ms/step\n1/1 [==============================] - 0s 28ms/step\n1/1 [==============================] - 0s 30ms/step\n1/1 [==============================] - 0s 35ms/step\n1/1 [==============================] - 0s 33ms/step\n1/1 [==============================] - 0s 32ms/step\n1/1 [==============================] - 0s 31ms/step\n1/1 [==============================] - 0s 32ms/step\n1/1 [==============================] - 0s 33ms/step\n1/1 [==============================] - 0s 29ms/step\n1/1 [==============================] - 0s 29ms/step\n1/1 [==============================] - 0s 31ms/step\n1/1 [==============================] - 0s 32ms/step\n1/1 [==============================] - 0s 35ms/step\n1/1 [==============================] - 0s 34ms/step\n1/1 [==============================] - 0s 32ms/step\n1/1 [==============================] - 0s 30ms/step\n1/1 [==============================] - 0s 29ms/step\n1/1 [==============================] - 0s 28ms/step\n1/1 [==============================] - 0s 28ms/step\n1/1 [==============================] - 0s 28ms/step\n1/1 [==============================] - 0s 28ms/step\n1/1 [==============================] - 0s 28ms/step\n1/1 [==============================] - 0s 28ms/step\n1/1 [==============================] - 0s 28ms/step\n1/1 [==============================] - 0s 29ms/step\n1/1 [==============================] - 0s 28ms/step\n1/1 [==============================] - 0s 28ms/step\n1/1 [==============================] - 0s 27ms/step\n1/1 [==============================] - 0s 28ms/step\n1/1 [==============================] - 0s 27ms/step\n1/1 [==============================] - 0s 27ms/step\n1/1 [==============================] - 0s 28ms/step\n1/1 [==============================] - 0s 28ms/step\n1/1 [==============================] - 0s 28ms/step\n1/1 [==============================] - 0s 27ms/step\n1/1 [==============================] - 0s 30ms/step\n1/1 [==============================] - 0s 28ms/step\n1/1 [==============================] - 0s 27ms/step\n1/1 [==============================] - 0s 28ms/step\n1/1 [==============================] - 0s 29ms/step\n1/1 [==============================] - 0s 29ms/step\n1/1 [==============================] - 0s 28ms/step\n1/1 [==============================] - 0s 33ms/step\n1/1 [==============================] - 0s 46ms/step\n1/1 [==============================] - 0s 29ms/step\n","output_type":"stream"}]},{"cell_type":"code","source":"# Inverse transform the forecasted output to original scale\nforecasted_output_original_scale = scaler.inverse_transform(np.array(forecasted_output).reshape(-1, 1))\n\n# Generating future timestamps\nlast_timestamp = pd.to_datetime(df.index[-1])\nfuture_timestamps = [last_timestamp + datetime.timedelta(days=i) for i in range(1, future_units+1)]\n\n# Append future timestamps and forecasted_output to the plot\nfuture_df = pd.DataFrame(forecasted_output_original_scale, index=future_timestamps, columns=['Predicted Future'])\nconcat_df = pd.concat([df, future_df], axis=0)","metadata":{"execution":{"iopub.status.busy":"2023-10-12T05:41:56.677978Z","iopub.execute_input":"2023-10-12T05:41:56.678696Z","iopub.status.idle":"2023-10-12T05:41:56.692777Z","shell.execute_reply.started":"2023-10-12T05:41:56.678652Z","shell.execute_reply":"2023-10-12T05:41:56.691495Z"},"trusted":true},"execution_count":78,"outputs":[]},{"cell_type":"code","source":"# Visualization using Plotly\nfig = go.Figure()\n\nfig.add_trace(go.Scatter(x=concat_df.index, y=concat_df['4. close'], mode='lines', name='Actual Prices'))\nfig.add_trace(go.Scatter(x=concat_df.index[training_data_len:], y=predictions[:,0], mode='lines', name='Predicted Prices'))\nfig.add_trace(go.Scatter(x=future_timestamps, y=forecasted_output_original_scale[:,0], mode='lines', name='Future Predictions'))\n\nfig.show()","metadata":{"execution":{"iopub.status.busy":"2023-10-12T05:41:56.694517Z","iopub.execute_input":"2023-10-12T05:41:56.694990Z","iopub.status.idle":"2023-10-12T05:41:56.734321Z","shell.execute_reply.started":"2023-10-12T05:41:56.694960Z","shell.execute_reply":"2023-10-12T05:41:56.733070Z"},"trusted":true},"execution_count":79,"outputs":[{"output_type":"display_data","data":{"text/html":"<div>                            <div id=\"c5862786-8146-4149-90c6-7577db6521ea\" class=\"plotly-graph-div\" style=\"height:525px; width:100%;\"></div>            <script type=\"text/javascript\">                require([\"plotly\"], function(Plotly) {                    window.PLOTLYENV=window.PLOTLYENV || {};                                    if (document.getElementById(\"c5862786-8146-4149-90c6-7577db6521ea\")) {                    Plotly.newPlot(                        \"c5862786-8146-4149-90c6-7577db6521ea\",                        [{\"mode\":\"lines\",\"name\":\"Actual Prices\",\"x\":[\"1999-11-01\",\"1999-11-02\",\"1999-11-03\",\"1999-11-04\",\"1999-11-05\",\"1999-11-08\",\"1999-11-09\",\"1999-11-10\",\"1999-11-11\",\"1999-11-12\",\"1999-11-15\",\"1999-11-16\",\"1999-11-17\",\"1999-11-18\",\"1999-11-19\",\"1999-11-22\",\"1999-11-23\",\"1999-11-24\",\"1999-11-26\",\"1999-11-29\",\"1999-11-30\",\"1999-12-01\",\"1999-12-02\",\"1999-12-03\",\"1999-12-06\",\"1999-12-07\",\"1999-12-08\",\"1999-12-09\",\"1999-12-10\",\"1999-12-13\",\"1999-12-14\",\"1999-12-15\",\"1999-12-16\",\"1999-12-17\",\"1999-12-20\",\"1999-12-21\",\"1999-12-22\",\"1999-12-23\",\"1999-12-27\",\"1999-12-28\",\"1999-12-29\",\"1999-12-30\",\"1999-12-31\",\"2000-01-03\",\"2000-01-04\",\"2000-01-05\",\"2000-01-06\",\"2000-01-07\",\"2000-01-10\",\"2000-01-11\",\"2000-01-12\",\"2000-01-13\",\"2000-01-14\",\"2000-01-18\",\"2000-01-19\",\"2000-01-20\",\"2000-01-21\",\"2000-01-24\",\"2000-01-25\",\"2000-01-26\",\"2000-01-27\",\"2000-01-28\",\"2000-01-31\",\"2000-02-01\",\"2000-02-02\",\"2000-02-03\",\"2000-02-04\",\"2000-02-07\",\"2000-02-08\",\"2000-02-09\",\"2000-02-10\",\"2000-02-11\",\"2000-02-14\",\"2000-02-15\",\"2000-02-16\",\"2000-02-17\",\"2000-02-18\",\"2000-02-22\",\"2000-02-23\",\"2000-02-24\",\"2000-02-25\",\"2000-02-28\",\"2000-02-29\",\"2000-03-01\",\"2000-03-02\",\"2000-03-03\",\"2000-03-06\",\"2000-03-07\",\"2000-03-08\",\"2000-03-09\",\"2000-03-10\",\"2000-03-13\",\"2000-03-14\",\"2000-03-15\",\"2000-03-16\",\"2000-03-17\",\"2000-03-20\",\"2000-03-21\",\"2000-03-22\",\"2000-03-23\",\"2000-03-24\",\"2000-03-27\",\"2000-03-28\",\"2000-03-29\",\"2000-03-30\",\"2000-03-31\",\"2000-04-03\",\"2000-04-04\",\"2000-04-05\",\"2000-04-06\",\"2000-04-07\",\"2000-04-10\",\"2000-04-11\",\"2000-04-12\",\"2000-04-13\",\"2000-04-14\",\"2000-04-17\",\"2000-04-18\",\"2000-04-19\",\"2000-04-20\",\"2000-04-24\",\"2000-04-25\",\"2000-04-26\",\"2000-04-27\",\"2000-04-28\",\"2000-05-01\",\"2000-05-02\",\"2000-05-03\",\"2000-05-04\",\"2000-05-05\",\"2000-05-08\",\"2000-05-09\",\"2000-05-10\",\"2000-05-11\",\"2000-05-12\",\"2000-05-15\",\"2000-05-16\",\"2000-05-17\",\"2000-05-18\",\"2000-05-19\",\"2000-05-22\",\"2000-05-23\",\"2000-05-24\",\"2000-05-25\",\"2000-05-26\",\"2000-05-30\",\"2000-05-31\",\"2000-06-01\",\"2000-06-02\",\"2000-06-05\",\"2000-06-06\",\"2000-06-07\",\"2000-06-08\",\"2000-06-09\",\"2000-06-12\",\"2000-06-13\",\"2000-06-14\",\"2000-06-15\",\"2000-06-16\",\"2000-06-19\",\"2000-06-20\",\"2000-06-21\",\"2000-06-22\",\"2000-06-23\",\"2000-06-26\",\"2000-06-27\",\"2000-06-28\",\"2000-06-29\",\"2000-06-30\",\"2000-07-03\",\"2000-07-05\",\"2000-07-06\",\"2000-07-07\",\"2000-07-10\",\"2000-07-11\",\"2000-07-12\",\"2000-07-13\",\"2000-07-14\",\"2000-07-17\",\"2000-07-18\",\"2000-07-19\",\"2000-07-20\",\"2000-07-21\",\"2000-07-24\",\"2000-07-25\",\"2000-07-26\",\"2000-07-27\",\"2000-07-28\",\"2000-07-31\",\"2000-08-01\",\"2000-08-02\",\"2000-08-03\",\"2000-08-04\",\"2000-08-07\",\"2000-08-08\",\"2000-08-09\",\"2000-08-10\",\"2000-08-11\",\"2000-08-14\",\"2000-08-15\",\"2000-08-16\",\"2000-08-17\",\"2000-08-18\",\"2000-08-21\",\"2000-08-22\",\"2000-08-23\",\"2000-08-24\",\"2000-08-25\",\"2000-08-28\",\"2000-08-29\",\"2000-08-30\",\"2000-08-31\",\"2000-09-01\",\"2000-09-05\",\"2000-09-06\",\"2000-09-07\",\"2000-09-08\",\"2000-09-11\",\"2000-09-12\",\"2000-09-13\",\"2000-09-14\",\"2000-09-15\",\"2000-09-18\",\"2000-09-19\",\"2000-09-20\",\"2000-09-21\",\"2000-09-22\",\"2000-09-25\",\"2000-09-26\",\"2000-09-27\",\"2000-09-28\",\"2000-09-29\",\"2000-10-02\",\"2000-10-03\",\"2000-10-04\",\"2000-10-05\",\"2000-10-06\",\"2000-10-09\",\"2000-10-10\",\"2000-10-11\",\"2000-10-12\",\"2000-10-13\",\"2000-10-16\",\"2000-10-17\",\"2000-10-18\",\"2000-10-19\",\"2000-10-20\",\"2000-10-23\",\"2000-10-24\",\"2000-10-25\",\"2000-10-26\",\"2000-10-27\",\"2000-10-30\",\"2000-10-31\",\"2000-11-01\",\"2000-11-02\",\"2000-11-03\",\"2000-11-06\",\"2000-11-07\",\"2000-11-08\",\"2000-11-09\",\"2000-11-10\",\"2000-11-13\",\"2000-11-14\",\"2000-11-15\",\"2000-11-16\",\"2000-11-17\",\"2000-11-20\",\"2000-11-21\",\"2000-11-22\",\"2000-11-24\",\"2000-11-27\",\"2000-11-28\",\"2000-11-29\",\"2000-11-30\",\"2000-12-01\",\"2000-12-04\",\"2000-12-05\",\"2000-12-06\",\"2000-12-07\",\"2000-12-08\",\"2000-12-11\",\"2000-12-12\",\"2000-12-13\",\"2000-12-14\",\"2000-12-15\",\"2000-12-18\",\"2000-12-19\",\"2000-12-20\",\"2000-12-21\",\"2000-12-22\",\"2000-12-26\",\"2000-12-27\",\"2000-12-28\",\"2000-12-29\",\"2001-01-02\",\"2001-01-03\",\"2001-01-04\",\"2001-01-05\",\"2001-01-08\",\"2001-01-09\",\"2001-01-10\",\"2001-01-11\",\"2001-01-12\",\"2001-01-16\",\"2001-01-17\",\"2001-01-18\",\"2001-01-19\",\"2001-01-22\",\"2001-01-23\",\"2001-01-24\",\"2001-01-25\",\"2001-01-26\",\"2001-01-29\",\"2001-01-30\",\"2001-01-31\",\"2001-02-01\",\"2001-02-02\",\"2001-02-05\",\"2001-02-06\",\"2001-02-07\",\"2001-02-08\",\"2001-02-09\",\"2001-02-12\",\"2001-02-13\",\"2001-02-14\",\"2001-02-15\",\"2001-02-16\",\"2001-02-20\",\"2001-02-21\",\"2001-02-22\",\"2001-02-23\",\"2001-02-26\",\"2001-02-27\",\"2001-02-28\",\"2001-03-01\",\"2001-03-02\",\"2001-03-05\",\"2001-03-06\",\"2001-03-07\",\"2001-03-08\",\"2001-03-09\",\"2001-03-12\",\"2001-03-13\",\"2001-03-14\",\"2001-03-15\",\"2001-03-16\",\"2001-03-19\",\"2001-03-20\",\"2001-03-21\",\"2001-03-22\",\"2001-03-23\",\"2001-03-26\",\"2001-03-27\",\"2001-03-28\",\"2001-03-29\",\"2001-03-30\",\"2001-04-02\",\"2001-04-03\",\"2001-04-04\",\"2001-04-05\",\"2001-04-06\",\"2001-04-09\",\"2001-04-10\",\"2001-04-11\",\"2001-04-12\",\"2001-04-16\",\"2001-04-17\",\"2001-04-18\",\"2001-04-19\",\"2001-04-20\",\"2001-04-23\",\"2001-04-24\",\"2001-04-25\",\"2001-04-26\",\"2001-04-27\",\"2001-04-30\",\"2001-05-01\",\"2001-05-02\",\"2001-05-03\",\"2001-05-04\",\"2001-05-07\",\"2001-05-08\",\"2001-05-09\",\"2001-05-10\",\"2001-05-11\",\"2001-05-14\",\"2001-05-15\",\"2001-05-16\",\"2001-05-17\",\"2001-05-18\",\"2001-05-21\",\"2001-05-22\",\"2001-05-23\",\"2001-05-24\",\"2001-05-25\",\"2001-05-29\",\"2001-05-30\",\"2001-05-31\",\"2001-06-01\",\"2001-06-04\",\"2001-06-05\",\"2001-06-06\",\"2001-06-07\",\"2001-06-08\",\"2001-06-11\",\"2001-06-12\",\"2001-06-13\",\"2001-06-14\",\"2001-06-15\",\"2001-06-18\",\"2001-06-19\",\"2001-06-20\",\"2001-06-21\",\"2001-06-22\",\"2001-06-25\",\"2001-06-26\",\"2001-06-27\",\"2001-06-28\",\"2001-06-29\",\"2001-07-02\",\"2001-07-03\",\"2001-07-05\",\"2001-07-06\",\"2001-07-09\",\"2001-07-10\",\"2001-07-11\",\"2001-07-12\",\"2001-07-13\",\"2001-07-16\",\"2001-07-17\",\"2001-07-18\",\"2001-07-19\",\"2001-07-20\",\"2001-07-23\",\"2001-07-24\",\"2001-07-25\",\"2001-07-26\",\"2001-07-27\",\"2001-07-30\",\"2001-07-31\",\"2001-08-01\",\"2001-08-02\",\"2001-08-03\",\"2001-08-06\",\"2001-08-07\",\"2001-08-08\",\"2001-08-09\",\"2001-08-10\",\"2001-08-13\",\"2001-08-14\",\"2001-08-15\",\"2001-08-16\",\"2001-08-17\",\"2001-08-20\",\"2001-08-21\",